177,411
177,408
177,656
177,655
177,654
177,653
177,652
177,651
177,650
177,42
177,649
177,648
177,427
177,387
177,647
177,646
177,410
177,645
177,644
177,643
177,426
177,642
177,385
177,641
177,640
177,639
177,638
177,425
177,419
177,25
177,637
177,636
177,406
177,635
177,634
177,633
177,632
177,631
177,630
177,629
177,628
177,627
177,626
177,41
177,625
177,404
177,624
177,623
177,622
177,621
177,620
177,619
177,618
177,617
177,616
177,615
177,614
177,613
177,407
177,612
177,611
177,610
177,609
177,424
177,608
177,26
177,607
177,606
177,605
177,409
177,604
177,603
177,602
177,40
177,601
177,600
177,400
177,599
177,598
177,597
177,596
177,595
177,594
177,593
177,592
177,591
177,590
177,589
177,588
177,587
177,586
177,399
177,585
177,584
177,583
177,582
177,581
177,580
177,579
177,578
177,38
177,577
177,576
177,575
177,574
177,573
177,572
177,571
177,570
177,569
177,568
177,567
177,566
177,565
177,423
177,564
177,396
177,422
177,563
177,394
177,8
177,562
177,561
177,560
177,421
177,559
177,61
177,558
177,557
177,556
177,555
177,554
177,37
177,553
177,552
177,551
177,550
177,549
177,548
177,547
177,389
177,546
177,545
177,544
177,543
177,542
177,541
177,540
177,539
177,538
177,537
177,536
177,420
177,535
177,391
177,534
177,533
177,532
177,531
177,530
177,36
177,529
177,528
460,31
460,29
177,18
177,527
177,526
177,525
177,524
177,418
177,523
177,522
177,521
177,520
177,519
177,518
177,517
177,516
177,515
177,514
177,513
177,512
177,417
177,48
177,511
177,510
177,509
177,508
177,416
177,507
177,58
177,506
177,35
177,505
177,504
177,415
177,503
177,502
177,414
177,501
177,500
177,413
177,499
177,412
177,498
177,51
177,497
177,496
177,20
177,495
177,494
177,493
177,492
177,491
177,490
177,489
177,28
177,488
177,487
177,486
177,45
177,485
177,484
177,483
177,482
177,34
177,481
177,480
177,479
177,47
177,478
177,477
177,476
177,475
177,474
177,473
177,15
177,472
177,471
177,470
177,405
177,469
177,468
177,467
177,466
177,465
177,403
177,6
177,464
177,402
177,463
177,462
177,461
177,460
177,459
177,458
177,33
177,457
177,456
177,455
177,454
177,401
177,453
177,452
177,451
177,450
177,16
177,449
177,398
177,55
177,448
177,383
177,382
177,381
177,380
177,379
177,378
177,397
177,377
177,376
177,375
177,374
177,373
177,372
177,371
177,370
177,32
177,369
177,368
177,367
177,366
177,50
177,365
177,364
177,395
177,363
177,362
177,393
177,10
177,361
177,360
177,359
177,358
177,392
177,357
177,356
177,390
177,56
177,14
177,355
177,354
177,353
177,352
177,351
177,59
177,350
177,349
177,388
177,348
177,347
177,346
177,29
177,345
177,344
177,343
177,342
177,341
177,386
177,12
177,340
177,339
177,338
177,13
177,384
177,337
177,336
177,335
177,334
177,333
177,332
177,331
177,330
177,329
177,328
177,327
177,326
177,325
177,324
177,323
177,322
177,24
177,321
177,320
177,319
177,318
177,317
177,316
177,315
177,314
177,313
177,312
177,63
177,311
177,310
177,309
177,308
177,307
177,306
177,305
177,304
177,52
177,303
177,302
177,46
177,301
177,300
177,299
177,298
177,22
177,297
177,296
177,295
177,294
177,293
177,292
177,291
177,290
177,289
177,288
177,287
177,286
177,285
177,284
177,283
177,282
177,281
177,280
177,279
177,278
177,277
177,276
177,275
177,274
177,17
177,273
177,272
177,271
177,270
177,269
177,268
177,267
177,266
177,265
177,264
177,263
177,262
177,261
177,260
177,259
177,258
177,257
177,256
177,255
177,254
177,253
177,252
177,251
177,250
177,54
177,11
177,249
177,248
177,247
177,246
177,245
177,244
177,243
177,242
177,241
177,240
177,239
177,238
177,237
177,236
177,235
177,234
177,233
177,232
177,231
177,230
177,229
177,228
177,227
177,226
177,225
177,9
177,224
177,223
177,222
177,221
177,220
177,219
177,218
177,217
177,216
177,215
177,214
177,213
177,212
177,211
177,210
177,209
177,208
177,207
177,206
177,205
177,204
177,203
177,202
177,201
177,7
177,200
177,199
177,198
177,197
177,196
177,195
177,194
177,193
177,192
177,62
177,191
177,190
177,189
177,60
177,188
177,187
177,186
177,185
177,184
177,183
177,182
177,181
177,180
177,179
177,178
177,177
177,176
177,175
177,174
177,173
177,172
177,171
177,170
177,169
177,168
177,167
177,166
177,165
177,57
177,164
177,163
177,162
177,161
177,160
177,159
177,158
177,157
177,156
177,155
177,154
177,153
177,152
177,151
177,150
177,149
177,148
462,3
462,2
462,1
462,0
177,147
177,146
177,145
177,144
461,3
461,2
461,1
461,0
177,143
0,563
0,419
0,382
0,415
177,142
177,141
177,53
177,140
177,139
177,138
177,137
2,88
2,87
2,86
2,85
2,84
2,83
2,82
2,81
2,80
2,79
2,78
2,77
2,76
2,75
2,74
2,73
2,72
2,71
2,70
2,69
2,68
2,67
2,66
2,65
2,64
2,35
2,34
2,33
2,32
2,31
2,30
2,29
2,28
2,27
2,26
2,25
2,24
2,23
2,22
2,19
2,18
2,17
2,16
2,15
175,1
2,14
2,10
2,9
2,8
2,7
2,6
2,5
2,4
175,3
2,3
1,6
1,5
1,4
1,3
0,613
0,603
0,591
0,534
0,529
0,513
0,495
175,0
6,15
0,487
0,481
0,479
6,1
0,474
0,466
6,3
0,462
0,454
0,453
0,452
6,0
0,449
0,448
0,447
0,446
0,445
0,442
0,428
0,533
0,366
0,355
0,343
0,243
0,9
0,0
0,1
0,615
0,559
0,482
0,511
0,510
0,509
0,444
0,400
0,592
0,606
0,451
0,608
0,581
0,300
0,405
0,299
0,524
0,298
0,391
0,297
0,404
0,296
0,431
0,295
0,380
0,294
0,521
0,293
0,544
0,292
0,390
0,291
0,290
0,403
0,289
0,576
0,288
0,531
0,287
0,565
0,286
0,397
0,285
0,385
0,284
0,437
0,283
0,383
0,282
0,421
0,281
0,420
0,280
0,381
0,279
0,569
0,278
0,425
0,277
0,276
0,389
0,275
0,560
0,274
0,376
0,273
0,562
0,272
0,530
0,271
0,552
0,270
0,517
0,269
0,551
0,268
2,89
2,90
2,92
2,93
2,95
2,96
2,98
2,100
2,101
2,103
2,104
2,106
2,108
2,109
5,0
5,1
5,4
5,5
5,7
5,9
6,4
6,6
6,7
6,8
6,10
6,11
6,13
6,14
6,17
6,18
6,20
6,22
6,24
7,6
7,8
7,12
7,19
177,3
8,6
8,8
177,1
8,14
8,19
8,24
9,0
177,135
9,3
10,0
177,136
10,3
12,1
12,3
13,1
14,0
14,1
14,7
15,0
15,3
15,4
16,0
16,3
16,4
17,0
17,1
18,0
18,3
21,0
21,3
21,4
22,0
22,1
22,4
23,0
23,1
23,4
23,5
24,1
24,4
24,5
24,9
24,10
24,14
31,0
31,3
32,0
32,1
32,4
32,5
33,1
33,5
35,0
35,3
35,4
36,0
36,3
36,5
37,1
37,3
37,5
37,6
38,1
38,6
39,0
39,3
39,4
40,0
40,3
40,4
41,1
41,3
42,0
42,1
42,3
42,5
42,6
42,8
43,0
43,2
43,4
43,5
43,7
43,8
43,10
43,11
43,13
43,15
43,16
43,18
44,0
44,3
44,5
45,0
45,3
45,4
56,0
56,1
56,5
57,1
57,3
57,5
57,6
59,1
59,4
59,5
59,10
59,11
64,1
64,7
65,0
65,3
65,4
65,7
65,8
65,12
65,17
65,20
65,25
65,26
65,33
65,38
65,39
66,1
66,3
66,6
67,0
67,3
68,0
68,1
69,0
69,1
70,0
70,3
70,4
72,1
72,3
75,0
75,1
75,4
76,1
76,3
77,1
77,3
79,1
80,0
80,1
81,0
81,1
94,0
94,3
94,4
99,1
99,3
99,5
100,0
100,3
112,0
112,1
112,5
114,0
114,3
114,6
117,0
117,3
117,4
120,1
120,3
120,5
122,1
122,3
128,1
128,3
129,1
129,5
129,8
130,1
130,3
132,1
132,3
136,1
136,4
137,0
137,3
137,4
138,0
138,3
138,4
141,0
141,1
141,4
141,5
141,11
141,13
141,15
144,0
144,1
145,0
145,3
146,0
146,3
149,0
149,3
150,1
150,3
157,1
157,3
158,1
158,3
161,1
161,6
173,0
173,3
176,0
176,3
176,5
177,2
177,19
177,21
177,27
177,43
177,49
177,65
177,67
177,70
177,72
177,75
177,78
177,80
177,83
177,84
177,88
177,89
177,92
177,96
177,97
177,100
177,102
177,105
177,113
177,116
177,124
177,125
177,127
177,129
177,130
177,132
177,133
178,1
178,2
179,0
179,4
179,5
180,2
180,4
181,2
181,5
182,1
182,4
183,1
183,4
184,2
184,3
184,7
185,0
185,3
185,5
186,1
187,0
187,2
187,5
188,1
188,4
189,1
189,3
190,2
190,3
191,2
191,3
192,1
192,4
193,1
193,4
194,1
194,4
195,2
195,4
196,2
196,3
197,1
197,2
197,5
198,1
198,2
199,0
199,2
200,1
200,4
201,1
201,4
202,0
202,3
202,4
203,1
203,4
204,0
204,3
205,0
205,3
205,6
206,1
206,4
207,0
207,3
208,0
208,2
208,5
208,6
209,3
209,4
210,1
210,4
210,6
211,2
211,4
212,2
212,5
213,0
213,3
213,4
214,2
214,3
214,6
215,3
215,4
216,1
216,3
217,0
217,3
217,5
217,8
218,0
218,3
218,4
219,3
220,0
220,1
220,4
221,1
221,4
222,1
222,3
223,1
223,3
223,6
224,0
224,2
225,1
225,2
226,1
226,2
226,5
227,1
227,2
228,0
228,2
228,5
229,1
229,3
230,0
230,2
231,0
231,1
231,4
232,3
232,4
233,2
233,4
234,0
234,3
235,0
235,3
236,0
236,3
236,4
237,3
238,1
238,2
239,1
239,2
240,0
240,3
241,0
241,3
242,0
242,3
243,0
243,3
244,1
244,2
245,1
245,2
246,0
246,4
247,0
247,3
247,5
248,2
249,0
249,2
249,5
250,1
250,4
251,0
251,3
252,2
252,3
253,1
253,3
254,0
254,3
254,5
254,8
255,1
255,4
255,5
256,1
256,4
256,5
257,1
257,2
257,5
258,2
258,4
259,0
259,2
259,5
260,0
260,3
261,1
261,2
261,6
261,7
262,2
263,0
263,1
264,0
264,2
265,0
265,3
266,0
266,3
266,5
267,0
267,1
267,5
268,0
268,1
268,4
268,6
269,1
269,4
270,1
270,4
271,1
271,4
271,5
272,2
273,0
273,1
273,5
274,0
274,3
275,1
275,3
276,0
276,2
277,0
277,2
278,0
278,3
278,5
279,2
279,3
280,0
280,4
280,5
281,2
281,4
282,0
282,2
282,5
283,1
283,3
284,0
284,1
285,0
285,3
285,4
286,2
286,4
287,0
287,3
287,5
287,8
288,0
288,3
288,5
289,1
289,4
289,5
290,2
290,3
290,6
291,3
291,4
292,0
292,2
293,0
293,2
293,5
294,0
294,2
294,5
294,6
295,2
296,1
296,2
296,5
297,0
297,3
298,0
298,3
299,1
299,3
300,0
300,1
301,1
301,4
302,0
302,4
302,5
302,8
303,2
303,4
304,1
304,3
305,1
305,3
306,1
306,4
307,0
307,4
308,0
308,3
309,1
309,2
309,5
309,7
310,2
310,4
311,1
311,4
312,0
312,3
312,4
313,1
313,4
313,5
314,1
314,3
315,1
315,3
316,1
316,4
316,6
317,2
317,3
318,2
318,5
318,6
319,2
319,3
320,1
320,4
321,0
321,3
322,0
322,3
323,0
323,3
323,6
324,0
324,3
324,4
325,1
326,0
326,1
326,4
326,6
327,2
327,4
327,7
328,1
328,3
329,0
329,1
330,0
330,3
330,4
331,1
331,3
332,1
332,3
333,0
333,3
334,0
334,3
334,4
335,3
336,1
336,2
336,6
336,7
337,2
337,4
338,1
338,4
338,6
339,2
339,4
340,1
340,4
340,6
341,2
341,3
342,0
342,2
342,3
342,5
342,6
343,1
343,2
343,4
344,0
344,1
344,3
344,4
345,1
345,3
346,0
346,2
346,3
346,5
346,6
347,1
347,3
347,4
348,0
348,1
348,3
349,0
349,1
349,3
349,4
350,1
350,2
350,4
351,0
351,1
351,3
351,4
352,0
352,2
352,3
353,0
353,1
353,3
354,0
354,1
354,3
354,4
355,0
355,1
355,3
356,1
356,2
356,4
357,0
357,2
357,4
357,5
358,0
358,1
358,3
358,4
358,6
359,1
359,2
359,4
359,5
360,1
360,3
360,4
360,6
361,0
361,2
361,3
361,5
361,7
361,8
362,1
362,2
362,4
362,6
363,0
363,2
363,3
363,5
364,0
364,2
364,4
364,5
365,1
365,2
365,4
366,1
366,2
366,4
366,5
367,1
367,3
367,4
368,1
368,2
368,4
369,0
369,2
369,4
369,5
370,0
370,1
370,3
370,5
371,0
371,2
371,3
372,0
372,1
372,3
372,5
373,0
373,2
373,3
373,5
373,7
373,8
374,1
374,2
374,4
375,0
375,2
375,4
375,5
376,0
376,1
376,3
376,5
377,0
377,2
377,3
378,0
378,2
378,3
379,0
379,1
379,3
379,4
379,6
380,0
380,1
380,3
381,0
381,2
381,4
382,0
382,2
382,3
383,0
383,1
383,3
383,5
383,6
384,1
384,2
384,4
385,1
385,2
385,4
386,0
386,2
386,3
387,0
387,2
387,3
387,5
387,6
388,0
388,2
388,3
389,0
389,1
389,3
389,4
390,0
390,2
390,3
391,0
391,1
391,3
391,5
393,0
393,2
393,3
393,5
394,0
394,1
394,3
395,0
395,2
395,3
396,1
396,3
397,0
397,2
397,3
398,1
398,3
399,0
399,2
399,3
400,1
400,2
401,0
401,2
401,3
402,1
402,2
403,0
403,2
403,3
404,1
404,2
405,0
405,1
405,3
405,5
405,6
406,1
406,2
406,4
407,1
407,2
407,4
407,5
407,7
407,9
407,10
408,0
408,1
408,3
408,4
408,6
409,1
409,2
409,4
409,5
410,0
410,2
410,3
411,0
411,1
411,3
411,4
412,0
412,2
412,3
412,5
412,6
413,1
413,3
413,4
414,0
414,1
414,3
414,4
415,0
415,2
415,3
416,0
416,1
416,3
416,5
417,0
417,2
417,3
418,1
418,3
418,4
418,6
418,7
419,1
419,2
420,0
420,2
420,3
421,1
421,2
421,4
421,6
422,0
422,2
422,3
422,5
422,6
423,1
423,3
423,4
424,1
424,2
424,4
424,6
425,0
425,2
425,3
425,5
426,0
426,2
426,4
426,5
427,1
427,2
427,4
428,0
428,1
428,3
429,0
429,2
429,3
430,0
430,2
430,3
430,5
431,0
431,2
431,4
431,5
431,7
432,0
432,2
432,4
432,5
433,1
433,2
433,4
433,5
434,1
434,3
435,0
435,2
435,3
435,5
436,1
436,2
436,4
437,0
437,2
437,3
437,5
438,1
438,2
438,4
438,5
439,1
439,3
439,4
440,0
440,1
440,3
440,4
441,0
441,2
441,3
441,5
442,0
442,2
442,4
443,0
443,2
443,3
444,0
444,2
444,3
444,5
445,0
445,2
445,3
445,5
446,1
446,2
446,4
446,5
447,1
447,3
447,4
448,1
448,2
449,0
449,1
449,3
449,5
449,6
450,0
450,1
450,3
451,0
451,1
451,3
451,4
452,1
452,2
452,4
453,1
453,2
453,4
454,0
454,2
454,4
454,5
455,1
455,2
455,4
456,0
456,2
456,4
457,0
457,2
457,3
458,0
458,2
458,3
459,0
459,1
459,3
460,0
460,1
460,3
460,4
460,6
460,7
460,9
460,11
460,12
460,14
460,15
460,17
460,19
460,20
460,22
460,23
460,25
460,26
460,28
460,30
460,33
460,34
460,36
460,38
460,39
185,1
185,4
181,3
181,1
65,23
214,1
175,4
177,4
257,0
257,3
286,0
287,6
327,0
327,6
268,5
177,68
177,85
177,93
177,98
177,101
177,30
177,71
177,79
177,82
177,90
177,95
259,1
256,0
254,1
261,3
262,0
135,0
135,3
151,0
151,1
169,0
169,1
165,0
165,1
166,0
166,1
159,3
159,1
162,3
162,1
160,3
163,0
163,3
167,0
167,3
171,0
171,3
168,0
168,1
164,0
164,1
170,0
170,1
264,1
25,0
25,1
271,0
270,0
116,0
116,1
139,3
139,1
182,0
182,3
194,3
183,3
197,0
193,0
189,0
188,3
191,1
195,0
196,1
7,0
7,1
58,0
58,1
11,3
11,1
153,3
153,1
20,3
19,0
19,3
215,0
217,1
274,1
93,0
93,1
95,3
95,1
140,3
140,1
142,3
143,0
143,3
276,1
279,1
280,1
283,0
281,0
282,1
131,0
131,1
290,1
294,1
289,0
289,3
295,0
295,3
296,0
299,0
98,0
98,1
102,0
102,1
104,0
104,1
105,3
105,1
106,3
106,1
103,3
2,21
119,0
119,1
96,0
96,1
2,20
97,3
101,0
101,3
121,0
121,3
154,0
154,1
155,0
155,1
156,0
156,1
113,0
113,1
115,3
115,1
219,0
301,0
302,3
303,0
303,3
227,3
305,0
306,3
308,1
309,3
310,1
313,0
307,3
307,1
311,3
148,3
148,1
